8
2
4
986
987
977
287
228
488
476
440
570
197
27
239
857
250
979
847
146
496
707
997
967
854
983
510
438
95
680
351
856
481
326
88
170
962
422
289
753
366
932
901
955
904
66
555
137
130
14
786
494
511
738
727
415
40
905
409
320
457
267
17
760
193
859
292
423
355
927
454
902
304
382
367
975
517
314
477
509
820
729
624
374
952
456
586
516
797
435
497
121
396
60
698
44
591
592
547
186
316
845
104
357
655
844
434
616
943
192
658
665
361
726
229
915
768
687
467
211
520
919
249
362
89
171
719
853
505
557
164
695
139
594
771
65
110
908
315
179
998
818
327
153
204
318
341
436
428
815
565
168
151
459
599
881
181
644
111
537
22
375
364
321
643
941
259
244
780
597
563
145
433
123
487
234
303
560
284
257
427
306
342
198
338
449
858
325
155
389
642
978
590
126
188
256
800
996
180
838
48
679
241
530
821
691
452
301
94
536
187
386
507
368
637
101
105
11
712
64
71
579
991
542
19
512
230
486
656
285
583
37
45
251
464
544
343
534
513
225
29
608
280
83
479
399
288
735
506
749
334
305
154
721
248
52
748
566
7
669
282
279
468
352
913
191
706
103
473
692
463
117
725
1000
77
840
683
290
172
212
421
445
628
938
681
43
221
350
660
834
128
35
388
937
589
46
51
450
549
828
871
548
86
770
604
682
129
499
491
377
650
892
54
641
811
705
635
822
209
776
629
972
839
730
986
600
98
247
178
935
519
766
472
686
985
418
156
580
623
356
716
723
994
685
951
490
271
640
769
933
906
394
781
772
469
949
59
944
140
831
573
26
15
262
622
401
207
62
3
419
106
981
909
741
964
100
526
636
619
989
286
887
630
261
751
709
593
948
10
577
796
97
67
313
525
934
331
777
205
554
359
424
31
739
823
553
439
353
167
606
802
50
478
866
124
539
299
272
109
851
633
194
677
183
8
387
335
914
407
688
371
502
32
430
961
878
13
747
349
144
73
558
489
522
333
309
242
969
227
429
911
84
203
135
809
922
265
131
791
163
134
213
275
443
112
344
385
638
202
56
746
132
166
451
693
575
945
150
794
393
453
413
405
701
55
462
734
533
34
85
649
810
470
158
916
2
836
585
346
485
541
122
888
400
529
803
397
278
39
376
33
775
312
923
219
779
926
38
41
742
395
827
830
347
966
787
260
12
125
503
613
973
799
667
254
108
224
694
75
78
322
133
49
936
190
728
696
832
954
835
201
790
711
587
578
222
231
813
263
523
744
119
596
992
652
236
471
24
861
274
940
115
42
684
215
160
903
765
5
653
176
987
378
81
25
223
61
740
703
842
605
538
411
947
372
182
824
82
208
9
441
737
584
899
920
74
801
444
974
391
676
627
266
620
663
531
340
645
30
217
482
4
524
161
603
774
750
651
268
860
862
876
455
218
843
758
702
724
564
993
659
930
819
319
365
136
817
199
431
264
576
196
880
885
625
528
185
837
474
495
814
447
484
220
114
971
493
963
720
618
614
332
141
657
76
648
984
928
16
722
795
661
924
92
369
69
850
448
210
514
704
165
458
689
195
416
752
189
175
759
559
950
995
756
664
610
298
798
238
425
982
745
354
925
626
414
833
99
671
294
96
654
358
598
732
767
634
896
807
53
595
226
328
764
675
897
480
946
792
240
621
402
571
345
551
483
243
849
324
572
900
408
508
363
492
206
311
550
841
714
149
379
970
674
757
63
731
246
567
965
460
527
392
783
120
743
852
148
57
804
177
360
895
782
662
281
569
420
718
410
561
763
412
816
912
545
778
988
546
805
929
893
931
252
381
582
93
500
273
632
258
670
829
370
521
872
72
504
615
588
70
255
68
406
216
910
540
403
891
700
253
960
330
715
959
293
865
690
270
699
446
673
773
245
855
568
668
806
755
917
113
336
300
754
159
36
921
788
825
498
581
157
874
501
894
6
323
20
269
990
373
808
678
761
873
47
889
348
826
785
173
957
708
80
297
152
918
552
713
138
465
601
404
543
609
307
337
174
574
383
235
875
863
339
762
147
169
999
102
956
556
607
879
602
142
426
646
883
277
612
515
28
886
116
882
276
417
672
968
283
310
907
127
58
466
942
898
710
442
789
864
733
200
296
21
869
617
736
308
432
611
867
437
18
639
107
184
291
79
953
812
848
846
295
884
118
475
23
877
535
302
976
214
717
868
380
461
562
647
793
329
870
317
631
87
384
784
666
237
398
233
91
890
939
958
697
390
532
232
980
162
518
90
143
