59 52
17 18 19 56 35 39 9 29 59 14 16 27 22 34 32 4 36 6 40 24 2 57 30 28 47 48 8 21 52 58 5 26 31 23 55 33 51 46 10 11 3 50 41 15 1 44 25 12 7 42 13 49 53 20 38 45 43 54 37
41 48 22 55
39 59 27 44
41 56 16 45
10 14 39 49
19 38 5 35
50 56 17 38
5 30 3 15
8 29 30 37
5 23 37 55
3 4 13 18
9 40 14 24
2 59 42 57
50 50 49 58
26 45 29 42
23 35 25 52
12 31 10 53
32 42 14 59
3 20 1 42
13 38 12 16
28 29 3 13
9 45 47 53
12 12 10 52
9 56 15 57
28 58 7 30
21 49 29 37
28 31 13 52
44 51 32 38
32 55 21 34
23 59 28 41
42 45 21 41
17 32 52 53
41 50 17 46
6 33 3 55
32 34 10 54
28 45 5 41
27 35 9 39
2 44 2 54
21 48 36 59
41 48 10 22
5 30 12 50
3 35 48 59
47 51 9 17
21 33 20 22
3 29 19 24
9 18 22 55
7 32 15 21
13 24 34 42
9 38 13 48
27 31 35 56
1 56 8 53
16 32 35 37
33 41 5 58
