2
4
0 1 3
1 3 12
2 0 10
2 3 5
1

1
2
0 1 5
1 2 6
2

3
2
0 1 5
3 4 7
1

3
6
0 1 8
0 2 12
0 3 15
3 1 9
3 4 8
2 4 12
2

1
0
10

1
2
0 1 1
1 2 1
10


1
2
0 1 1
1 2 1
1

1
2
0 1 0
1 2 1
1

1
2
0 1 0
1 2 100000
1

2
4
0 1 1
1 3 100000
0 2 1
2 3 99999
1

2
4
0 1 1
1 3 100000
0 2 99999
2 3 99999
1

2
4
0 1 1
1 3 100000
0 2 99999
2 3 99999
2

2
4
0 1 1
1 3 99997
0 2 99999
2 3 99999
1

2
4
0 2 10
1 2 10
1 3 10
2 3 100
1

0