100
2 5 5
2 5 15
1 1000000000000000000 1
1 1000000000000000000 20
1 1000000000000000000 21
1 1000000000000000000 22
1 1000000000000000000 1000000000000000000
6 6 6
5 7 6
5 7 1000000000000000000
5 7 4
1 10 2
1 10 1
1 10 3
1 10 4
2 10 3
999999999999999998 999999999999999999 1
999999999999999998 999999999999999999 161
999999999999999998 999999999999999999 160
999999999999999998 999999999999999999 162
999999999999999998 999999999999999999 323
999999999999999998 999999999999999999 322
999999999999999998 999999999999999999 999999999999999999

