3
4
5
0
4
10
20
30
32
38
38
40
42
48
50
52
58
60
68
70
78
80
86
88
90
96
98
100
106
108
116
118
126
128
134
136
138
144
146
148
154
156
164
166
174
176
182
184
186
192
194
196
202
204
212
214
222
224
230
232
234
240
242
244
250
252
260
262
270
272
278
280
282
288
290
292
298
300
308
310
318
320
326
328
330
336
338
340
346
348
356
358
366
368
374
376
378
384
386
388
394
396
404
406
414
416
422
424
426
432
434
436
442
444
452
454
462
464
470
472
474
480
482
484
490
492
500
502
510
512
518
520
522
528
530
532
538
540
548
550
558
560
566
568
570
576
578
580
586
588
596
598
606
608
614
616
618
624
626
628
634
636
644
646
654
656
662
664
666
672
674
676
682
684
692
694
702
704
710
712
714
720
722
724
730
732
740
742
750
752
758
760
762
768
770
772
778
780
788
790
798
800
806
808
810
816
818
820
826
828
836
838
846
848
4827246
4827247
4827248
4827249
4827250
1000000000

