-1385.736326 -146.954822
430.000292 -2041.361203
1162.736034 478.316025

0.0 4147.0
-4147.0 0.0
0.0 -4147.0

1 1
2 2
1 3

0 0
1 0
1.5 0.8660254 

0 0
1 1
1.866025 0.5

0 0
1 1
1.866025 0.5

-1 0
0 0
0.5 0.8660254

-10 0
0 0
8.090169 5.877852

-10 0
0 0
8.412535 5.406408

-10 0
0 0
9.135454 4.067366

-10 0
0 0
9.510565 3.090169

-10 0
0 0
9.921147 1.253332

-10 0
0 0
9.980267 0.627905

-10 0
0 0
9.999210 0.125660

-10 0
0 0
9.999802 0.062831

-10 0
0 0
9.510565 3.090169

END
