9

4 4
0 0
0 1
1 0
1 1

9 7
0 0
1 1
0 2
2 0
2 2
3 0
3 1
3 2
3 4

2 2
0 0
1 1

3 3
0 0
1 1
2 2

4 4
0 0
1 1
2 2
3 4

16 16
1 1
2 2
3 3
4 4 
5 5
6 6 
7 7 
8 8 
9 9 
10 10 
11 11
12 12
13 13
14 14
15 15
16 16


16 0
1 1
2 2
3 3
4 4 
5 5
6 6 
7 7 
8 8 
9 9 
10 10 
11 11
12 12
13 13
14 14
15 15
16 16


16 16
1 1
2 2
3 3
4 4 
5 0
6 6 
7 7 
8 8 
9 9 
10 0 
11 0
12 0
13 13
14 14
15 0
16 0


16 16
1 1
2 2
3 3
4 4 
5 0
6 6 
7 7 
8 8 
9 9 
10 0 
11 1
12 0
13 13
14 14
15 0
16 0

